a = 1

h	Dx			相対誤差
1E-1	2.100000000000002	5.000000000000093
1E-2	2.0100000000000007	0.5000000000000338
1E-3	2.0009999999996975	0.049999999984873256
1E-4	2.000099999999172	0.004999999958599233
1E-5	2.00001000001393	5.000006964905879E-4
1E-6	2.0000009999243673	4.999621836532242E-5
1E-7	2.0000001010878066	5.054390328496083E-6
1E-8	1.999999987845058	6.07747097092215E-7
1E-9	2.000000165480742	8.274037099909037E-6
1E-10	2.000000165480742	8.274037099909037E-6
1E-11	2.000000165480742	8.274037099909037E-6
1E-12	2.000177801164682	0.008890058234101161
1E-13	1.9984014443252818	0.07992778373591136
1E-14	1.9984014443252818	0.07992778373591136
1E-15	2.220446049250313	11.022302462515654

実験結果より、相対誤差が一番小さい、つまり精度が一番よいときのhの値は10^(-8)である。